Episodes	Epsilon	AverageEpRet	StdEpRet	MaxEpRet	MinEpRet	EpLen	TotalEnvInteracts	Time
10	0.9806444444444444	-198.19843	92.72535	36.23485	-319.10516	87.2	871	1.8722195625305176
20	0.9604	-255.93103	100.442986	-132.41418	-424.02448	91.1	1782	4.378724813461304
30	0.9397333333333333	-208.51372	91.340706	-92.43816	-356.9141	93.0	2712	6.931336879730225
40	0.9189333333333334	-198.20903	65.93197	-94.084366	-339.2575	93.6	3648	9.48151707649231
50	0.8968222222222222	-193.92784	86.23628	-50.386776	-295.22137	99.5	4643	13.009806632995605
60	0.873688888888889	-189.96895	89.48851	-91.001495	-428.6922	104.1	5684	16.32015061378479
70	0.8521111111111112	-174.70822	105.09562	-75.02487	-424.51788	97.1	6655	19.00890588760376
80	0.8305555555555555	-185.28288	91.07827	15.766406	-361.52713	97.0	7625	21.91319751739502
90	0.8078444444444445	-177.48369	47.805275	-72.343544	-239.16759	102.2	8647	24.83818745613098
100	0.7851777777777778	-172.82254	83.592316	40.254936	-254.99123	102.0	9667	27.836716651916504
110	0.7619111111111111	-190.79907	76.427956	-50.45036	-358.3657	104.7	10714	30.981485843658447
120	0.7380222222222222	-132.57991	55.553593	-36.661976	-217.08829	107.5	11789	33.886218309402466
130	0.7142	-200.19766	78.731865	-56.105145	-310.12045	107.2	12861	37.0856454372406
140	0.6877555555555556	-148.12212	58.56645	-31.368881	-220.26306	119.0	14051	40.476990938186646
150	0.6572888888888888	-174.07268	57.97837	-102.11269	-309.35526	137.1	15422	44.44781708717346
160	0.6065333333333334	-158.38907	93.14234	-26.533724	-379.20004	228.4	17706	52.253605365753174
170	0.5395555555555556	-100.57379	81.28367	27.42033	-270.9191	301.4	20720	62.54098892211914
180	0.4812888888888889	-167.35004	73.18178	-78.81617	-270.96445	262.2	23342	70.48151016235352
190	0.40862222222222233	-191.21439	109.48369	11.358616	-375.4026	327.0	26612	81.60302329063416
200	0.2829555555555556	-173.34956	83.12369	-62.05057	-332.80566	565.5	32267	102.01638746261597
210	0.20046666666666668	-146.67514	100.312294	-14.167151	-298.10196	371.2	35979	115.98722386360168
220	0.1404444444444446	-79.99245	45.606644	-32.103294	-194.60515	270.1	38680	125.93425035476685
230	0.1	-62.158844	31.266016	-16.61773	-104.80314	230.0	40980	133.95329332351685
240	0.1	-55.472313	20.65439	-12.261059	-78.94549	220.2	43182	141.5126645565033
250	0.1	-62.76203	14.858292	-34.220226	-89.46216	255.0	45732	149.99527955055237
260	0.1	-70.7343	21.350187	-27.969736	-101.64095	177.9	47511	155.892906665802
270	0.1	-65.69774	18.431986	-45.811577	-104.14249	182.2	49333	161.78189659118652
280	0.1	-69.531784	26.243225	-28.508461	-100.37868	188.5	51218	168.09069681167603
290	0.1	-61.24299	28.438831	-9.267255	-117.83496	214.1	53359	174.80361986160278
300	0.1	-66.66062	28.178562	-22.065935	-107.103615	177.1	55130	180.51694202423096
310	0.1	-70.929184	21.616217	-38.25548	-104.27668	211.1	57241	187.6077377796173
320	0.1	-69.01799	29.816376	-27.00347	-112.30851	180.4	59045	193.5447325706482
330	0.1	-96.73006	25.265589	-67.53601	-140.12926	194.9	60994	201.44146466255188
340	0.1	-77.50143	17.475758	-56.79868	-120.43271	190.4	62898	207.77615976333618
350	0.1	-84.00731	25.896221	-51.66157	-122.955246	196.3	64861	214.33680629730225
360	0.1	-89.68957	21.124529	-60.356865	-123.52471	195.2	66813	220.96851634979248
370	0.1	-89.286575	39.94542	1.5094007	-132.07498	191.0	68723	227.36618733406067
380	0.1	-100.66821	31.14163	-37.845623	-135.33493	202.1	70744	234.18406438827515
390	0.1	-113.83413	32.92244	-58.07637	-159.49078	235.8	73102	242.35858821868896
400	0.1	-89.083565	22.167519	-52.352383	-126.33469	276.3	75865	251.61001753807068
410	0.1	-120.31693	55.304516	-6.111055	-209.80206	439.4	80259	268.2743377685547
420	0.1	-120.31856	48.426018	-19.62768	-168.00066	776.9	88028	303.00462007522583
430	0.1	-115.95608	63.427734	56.378914	-186.37636	1000.0	98028	351.4941256046295
440	0.1	-100.731155	58.193127	5.0167856	-162.2949	722.3	105251	380.4943754673004
450	0.1	-83.82323	34.229366	-48.884327	-153.25273	548.3	110734	402.0639488697052
460	0.1	-123.738075	44.5407	-72.28421	-213.62804	335.3	114087	413.80807185173035
470	0.1	-91.48614	51.156437	21.493397	-164.58945	538.8	119475	432.7091312408447
480	0.1	-118.49117	48.682632	-26.16524	-178.64478	205.5	121530	438.75201511383057
490	0.1	-136.72763	44.94437	-43.53958	-192.27432	296.6	124496	448.97788739204407
500	0.1	-152.40623	79.50289	-16.755672	-268.74762	204.4	126540	454.92870593070984
510	0.1	-185.65742	100.68658	-9.8222885	-320.33762	179.6	128336	460.17822885513306
520	0.1	-96.86665	92.43225	3.3025308	-278.257	198.0	130316	466.23273372650146
530	0.1	-77.32957	57.756634	-1.0615933	-172.45467	266.4	132980	474.62390422821045
540	0.1	-37.123016	40.94738	15.026082	-111.7326	421.2	137192	487.8312876224518
550	0.1	-74.940506	36.196827	-3.923487	-131.80354	573.0	142922	507.4009380340576
560	0.1	-62.816315	23.728153	-5.6078334	-97.819786	372.4	146646	519.6452524662018
570	0.1	-70.61216	32.19069	-24.715425	-130.2886	541.1	152057	539.0194971561432
580	0.1	-77.373184	48.462875	-9.359037	-163.18408	627.8	158335	564.018990278244
590	0.1	-58.179707	37.173683	-16.16506	-128.7254	530.1	163636	584.5072424411774
600	0.1	-66.03923	18.436708	-18.069277	-82.46625	591.9	169555	604.9239115715027
610	0.1	-88.11104	36.370464	-26.880041	-139.43762	856.6	178121	637.8106760978699
620	0.1	-63.281944	93.8386	104.80585	-180.96753	918.8	187309	674.0596010684967
630	0.1	-48.83438	48.657803	54.16048	-132.88419	596.9	193278	702.1818902492523
640	0.1	-2.378198	60.74609	157.04405	-75.74512	272.6	196004	711.9231948852539
650	0.1	-24.148342	16.48916	0.027642744	-56.71447	303.3	199037	723.2077052593231
660	0.1	-57.35631	33.62587	-6.916773	-114.04158	208.1	201118	727.7807087898254
670	0.1	-60.418438	31.767014	14.497576	-106.78908	176.9	202887	732.0415058135986
680	0.1	-60.44398	28.87336	-3.5013688	-104.11186	188.9	204776	737.4327011108398
690	0.1	-30.301306	84.38517	183.0752	-133.50851	228.8	207064	744.1527490615845
700	0.1	-59.496082	38.42994	-19.704609	-132.95761	198.6	209050	748.7513086795807
